1 57 87.05568847224961
2 59 83.43495055972161
3 58 85.43140111490857
4 58 86.17924844140079
5 58 86.04020211737672
6 58 85.16762311598363
7 58 85.8605308275634
8 60 82.60150240494352
9 60 83.31626903829955
10 60 82.74926464436861
11 60 82.588732581755
12 61 81.09708444204064
13 64 76.95178617707556
14 65 76.88403052880597
15 66 75.11023553242288
16 70 71.33882170204248
17 93 53.194772406834176
18 94 52.881328931656235
19 95 52.62273569858673
20 96 51.93315966165659
21 98 50.68870038146489
22 99 50.02564123262108
23 104 47.76150947315153
24 108 46.13503093718091
25 116 42.87030076976274
26 118 42.223959294656176
27 122 40.74263897596881
28 127 39.29810317288664
29 132 37.75095683593932
30 138 36.16802403971052
31 143 34.91501517101455
32 149 33.40120937634243
