1 36 138.0084405030166
2 36 138.2712672316978
3 36 137.49248484620728
4 36 138.0242440803096
5 36 137.10345609753955
6 36 137.360340056234
7 36 136.36651429425518
8 36 136.46376435502722
9 36 135.90242754819513
10 37 134.37766795547319
11 37 133.14234854130305
12 37 133.51876559368802
13 37 131.62309190083528
14 38 129.96270576177113
15 38 128.2797044060163
16 39 127.98291946705892
17 51 96.7673560080483
18 52 95.71042281151959
19 52 95.87246603825761
20 52 94.69837491168956
21 53 92.89402225598943
22 53 92.65335723065907
23 54 90.92420679549657
24 54 90.97617422098394
25 59 83.76706609796587
26 59 83.39942003148563
27 62 80.60593156159167
28 62 79.68725100726391
29 64 78.01393782221243
30 65 76.73829545978928
31 67 73.80624898154231
32 69 72.39584723883576
