1 44 113.47912794997428
2 44 112.5262323527577
3 44 113.0754871044867
4 43 113.73690666225708
5 44 113.56056793128322
6 44 113.4049767592616
7 44 113.43742672504469
8 44 113.0337688082482
9 44 113.01590209261988
10 44 112.23798791493743
11 44 112.16728150776815
12 44 112.32163852035252
13 44 111.18997233092017
14 44 111.66844970026835
15 45 110.70413617634101
16 45 110.72778128264207
17 63 79.24459805169077
18 62 79.77045757487488
19 63 79.20100236351594
20 62 79.53000679672502
21 63 79.20673492923676
22 63 78.76294073900995
23 63 78.36555397688207
24 65 76.37819674671111
25 69 71.64444721268879
26 70 71.21109089161526
27 71 69.65755063446255
28 72 68.88938363889753
29 74 66.74553420399272
30 76 65.65937910297347
31 78 63.96518945208916
32 79 62.50058860141033
